    0.251574114524389299E-86    0.671260082831818181E+03   -0.133302568847489500E+01    0.849932186448208588E-01    0.212748243125515137E-01    0.131714335087475320E+00    0.322282850689454881E+01    0.962187933999332778E+00    0.645089472434163724E+02    0.100048210973100060E+01
    0.138997198800362289E-84    0.663236310171187597E+03   -0.107212641035369804E+01    0.268662204619182429E-01    0.242114057641788505E-01    0.119269154398772781E+00    0.303083063048763668E+01    0.960064368727717055E+00    0.704488785590982047E+02    0.999087398724888165E+00
    0.168072583179877970E-66    0.579963362526552373E+03   -0.652457795803253582E+00    0.118947081930650345E+00    0.236130515962411462E-01    0.127039931167894249E+00    0.326599719630582896E+01    0.943201621206864238E+00    0.691921498287227195E+02    0.996876039382377455E+00
    0.115646247500158111E-77    0.631367954547867612E+03   -0.723054262259450908E+00    0.158549983856686560E+00    0.231690092792454921E-01    0.126047314342446731E+00    0.335505625079490200E+01    0.939577451254020479E+00    0.686178651529366448E+02    0.999375552639458653E+00
    0.305750262046378422E-89    0.684685531398696867E+03   -0.112228863202003248E+01    0.463128988621801518E-01    0.238251012831278038E-01    0.120882822851992602E+00    0.322303247443084473E+01    0.933951409512368769E+00    0.711174566989528500E+02    0.999263134953034871E+00
    0.364371787589691553E-27    0.398814167648999899E+03   -0.183144862188110746E+01    0.139642195248376982E+00    0.233367615739758297E-01    0.121353898755340195E+00    0.327182454182711524E+01    0.966893748871048953E+00    0.678312513161788786E+02    0.996780472116082339E+00
    0.903556606358146560E-71    0.599625327793416204E+03   -0.238392668015929399E+01    0.821165956896357657E-01    0.210022321205059204E-01    0.102334491874248146E+00    0.319618954113407217E+01    0.950649874870875045E+00    0.730450503684528485E+02    0.997929412592304610E+00
    0.550328719451692098E-57    0.536144591167489125E+03   -0.237503239320313053E+01    0.106408137840377684E+00    0.231190897886578602E-01    0.113342017786190033E+00    0.320943452133685048E+01    0.973443491663604776E+00    0.702319240194096608E+02    0.997190666260863723E+00
    0.377959883319426786E-90    0.688866662725534752E+03   -0.161720143937112670E+01    0.767705394295224303E-01    0.229993994879831819E-01    0.124788597424111608E+00    0.315490612781673363E+01    0.962519887842111954E+00    0.700852617655196184E+02    0.994415579733643140E+00
    0.221740248719026917E-39    0.455069546070521540E+03   -0.250960019561365666E+01    0.549222257677488557E-01    0.232836123920328146E-01    0.118251550479050921E+00    0.326904394795908670E+01    0.926369246481534736E+00    0.709200459794514870E+02    0.997090598336385692E+00
    0.230353252733940857E-70    0.597753607103947843E+03   -0.157286596863870987E+01    0.119782740864771170E+00    0.231335068228509487E-01    0.118723007087705501E+00    0.342058715817962167E+01    0.913320115909197372E+00    0.718174430275834368E+02    0.997327464821837761E+00
    0.385970472853379611E-53    0.518433420223700409E+03   -0.816752978363128435E+00    0.217039277203840364E+00    0.228173323540314908E-01    0.105317730001563581E+00    0.332094371998833671E+01    0.971191542039930855E+00    0.741925766258964643E+02    0.994610169262420740E+00
    0.603056966917542771E-92    0.697142555890386802E+03   -0.160897582769393921E+01    0.289460787773132333E+00    0.220831545066833487E-01    0.110112999916076648E+00    0.333814557552337643E+01    0.102076990246772770E+01    0.727170910179614935E+02    0.998361931489839205E+00
    0.579206836499652985E-70    0.595909515839477422E+03   -0.320800407413754263E+01    0.132548804813007431E+00    0.239452894278496392E-01    0.126572112847977841E+00    0.336891605912384007E+01    0.959282650300076756E+00    0.688768698199834546E+02    0.100090132176034485E+01
    0.825745456296216250E-68    0.585989921632726009E+03   -0.157650738954544067E+01    0.150303081274032607E+00    0.232609815096855160E-01    0.106912422466278079E+00    0.319783299922943076E+01    0.997016695261001562E+00    0.754951457643508945E+02    0.999290952983871716E+00
    0.308940232394407630E-60    0.551114837597263204E+03   -0.271224543806361362E+01    0.155556024547898242E+00    0.222883108057327743E-01    0.113126757023736813E+00    0.329101303991442862E+01    0.981349128560417228E+00    0.728461195717497674E+02    0.998401045286926969E+00
    0.540678828445776870E-11    0.324342143275287413E+03   -0.236805170914103158E+01    0.810499921157083886E-01    0.232792747150608464E-01    0.114793976967598396E+00    0.317064486868827755E+01    0.970843533462741437E+00    0.721440455577304363E+02    0.100037306211165622E+01
    0.384269916059291224E-98    0.725674909911707118E+03   -0.221794999262723058E+01    0.101353629838193959E+00    0.242870389265030691E-01    0.108088858085326825E+00    0.311266406919518435E+01    0.982829795489898128E+00    0.752916019110807468E+02    0.100115593914510614E+01
    0.991337143883642547E-80    0.640886427623642930E+03   -0.462858663952866145E+01    0.138959272674969242E+00    0.241866044463652195E-01    0.113607521059469793E+00    0.324093572437913702E+01    0.986391752787021625E+00    0.697149130161124901E+02    0.999701876449687443E+00
    0.251993112892634306E-72    0.606784371985461348E+03   -0.186443171823020659E+01    0.279114624471769809E-01    0.231138505643592798E-01    0.111751830710164479E+00    0.291119081561472504E+01    0.100034933206764598E+01    0.738738091810063651E+02    0.100034832740745250E+01
    0.261257618886127144E-83    0.657369033613915462E+03   -0.335048352305671404E+01    0.159467713466131006E+00    0.216074305458462644E-01    0.106067427677691353E+00    0.322596484239611492E+01    0.100125824079651338E+01    0.718304237296676575E+02    0.998137801134213909E+00
    0.248038255556318943E-17    0.353531649289721599E+03   -0.427613737831172536E+01    0.146285871981674614E+00    0.240766418054246603E-01    0.119617943277542105E+00    0.325730659728601202E+01    0.988566061650992256E+00    0.703853577375320896E+02    0.100008625907950788E+01
    0.585334040520015921E-20    0.365629960441366393E+03   -0.497707230263729627E+01    0.155922940316100905E+00    0.232421218078350082E-01    0.113544563611966687E+00    0.326561000530532342E+01    0.991689445416695903E+00    0.717552902638033174E+02    0.994439120217192607E+00
    0.621437702082727426E-63    0.563532572490409848E+03   -0.438758640357513929E+01    0.113277605750127935E+00    0.225276606692832344E-01    0.110729515175480603E+00    0.337740143765193457E+01    0.928974521058057112E+00    0.713332365764833298E+02    0.100076281623929564E+01
    0.760062836424825327E-91    0.692074606815190805E+03   -0.170340632010163651E+01    0.870448891291193544E-01    0.201989331964160766E-01    0.114188590851179772E+00    0.319546471889892070E+01    0.948552879080957312E+00    0.670019858852780601E+02    0.100067502263786934E+01
    0.228527191172962111E-75    0.620795375654472764E+03   -0.308934148343687465E+01    0.511058740670765205E-01    0.205268385333517607E-01    0.109707069036718369E+00    0.297705442487719418E+01    0.999994480460326796E+00    0.688091765185712916E+02    0.100005759712908526E+01
    0.133663670282537829E-55    0.529764628895260785E+03   -0.417756432677902279E+01    0.965435020889747059E-01    0.205448210672564448E-01    0.104467285994817236E+00    0.306743878960037186E+01    0.999444445408252502E+00    0.720167796637829269E+02    0.100016036853977619E+01
    0.674332537071318064E-55    0.526527835602986897E+03   -0.188417762517929077E+01    0.687087452411651589E-01    0.203801440501213092E-01    0.112061362552642818E+00    0.306405192375183066E+01    0.986529491662979097E+00    0.704643076825141890E+02    0.100080256122010103E+01
    0.174337590647655048E-31    0.418709210683363892E+03   -0.359635683756525992E+01    0.155192780794198348E+00    0.210983939662871094E-01    0.109630379840664524E+00    0.320507630284411249E+01    0.100403180073245846E+01    0.705409297537248676E+02    0.999603296629389626E+00
    0.999999999994599875E+00    0.272455411551058944E+03   -0.384755730628967285E+01    0.155810550451278701E+00    0.231451802611351010E-01    0.109500372219085693E+00    0.318673912525177006E+01    0.100950446605682376E+01    0.727294770407676623E+02    0.100251474288245435E+01
    0.315483798534263602E-67    0.583309109912316899E+03   -0.398819768460724156E+01    0.187065393329169799E+00    0.237764197009733662E-01    0.123613516561855930E+00    0.337945286149561541E+01    0.985735021168352987E+00    0.702708745485899726E+02    0.100320721817376479E+01
    0.857497699334819427E-77    0.627360989438005390E+03   -0.485710983563504417E+01    0.270594317491656411E+00    0.240870839728477386E-01    0.117957584758424411E+00    0.337945503646126166E+01    0.102690680649764854E+01    0.690222074549468658E+02    0.100176322618736680E+01
    0.400281653999947531E-71    0.601253668445524681E+03   -0.490673563687512004E+01    0.419135589697235966E-01    0.234254634454238511E-01    0.120708067074663639E+00    0.330552000914559230E+01    0.918415285299576722E+00    0.696768566485951055E+02    0.100287489877019076E+01
    0.178124927547070124E-26    0.395640376656163710E+03   -0.377073344823730938E+01    0.112173741133110738E+00    0.211050481372768994E-01    0.125764933382591149E+00    0.336961672336591755E+01    0.935172825866889545E+00    0.651073393388571304E+02    0.100134720134987520E+01
    0.460804771537194756E-39    0.453606610434094989E+03   -0.364727002416702106E+01    0.743440089285533762E-01    0.210548007545816006E-01    0.124315830072533412E+00    0.337984289943704574E+01    0.916259046496840535E+00    0.658694628692958872E+02    0.100149478129783254E+01
    0.187704654629769603E-83    0.658030308062972722E+03   -0.263164116306371065E+01    0.108857806353475389E+00    0.232176800800054997E-01    0.129367806238715716E+00    0.340193046113492281E+01    0.919214579275463461E+00    0.649578000834257665E+02    0.100115899953101617E+01
    0.742787220216304631E-70    0.595412015879274577E+03   -0.268568484173586519E+01    0.128027621048581008E+00    0.210497579759319070E-01    0.132170651093644620E+00    0.326292363215504366E+01    0.980621850871712164E+00    0.636012503390632986E+02    0.100226158341032767E+01
